#GEN	TIME		EVAL	BEST		AVG		STDDEV		WORST

0	0.33		10000		4.52e+00  5.63e+01  1.60e+01  1.22e+02
1	0.67		20000		3.62e+00  4.56e+01  1.41e+01  9.33e+01
2	0.99		30000		2.78e+00  3.62e+01  1.21e+01  7.61e+01
3	1.31		40000		2.78e+00  2.81e+01  9.70e+00  6.09e+01
4	1.62		50000		2.68e+00  2.16e+01  7.61e+00  5.15e+01
5	1.94		60000		2.66e+00  1.66e+01  5.81e+00  3.99e+01
6	2.26		70000		2.48e+00  1.29e+01  4.44e+00  3.09e+01
7	2.56		80000		1.38e+00  1.01e+01  3.39e+00  2.33e+01
8	2.87		90000		1.38e+00  7.93e+00  2.58e+00  1.83e+01
9	3.17		100000		1.38e+00  6.30e+00  1.96e+00  1.44e+01
10	3.50		110000		1.38e+00  5.14e+00  1.47e+00  1.10e+01
11	3.81		120000		1.38e+00  4.30e+00  1.09e+00  1.06e+01
12	4.13		130000		1.12e+00  3.72e+00  8.05e-01  8.00e+00
13	4.44		140000		1.12e+00  3.32e+00  5.92e-01  7.85e+00
14	4.75		150000		1.12e+00  3.06e+00  4.67e-01  8.00e+00
15	5.7		160000		9.08e-01  2.88e+00  3.97e-01  7.56e+00
16	5.39		170000		9.08e-01  2.76e+00  3.77e-01  7.06e+00
17	5.69		180000		6.73e-01  2.66e+00  4.03e-01  7.37e+00
18	5.99		190000		6.63e-01  2.56e+00  4.25e-01  6.99e+00
19	6.30		200000		4.62e-01  2.45e+00  4.83e-01  6.59e+00
20	6.59		210000		4.62e-01  2.31e+00  5.57e-01  6.99e+00
21	6.88		220000		4.62e-01  2.15e+00  5.94e-01  6.73e+00
22	7.17		230000		3.81e-01  1.99e+00  6.32e-01  7.04e+00
23	7.46		240000		3.81e-01  1.83e+00  6.17e-01  7.30e+00
24	7.74		250000		3.54e-01  1.68e+00  6.31e-01  6.61e+00
25	8.2		260000		3.54e-01  1.55e+00  6.38e-01  7.58e+00
26	8.30		270000		3.22e-01  1.43e+00  6.24e-01  7.17e+00
27	8.58		280000		3.22e-01  1.33e+00  6.23e-01  7.16e+00
28	8.86		290000		3.22e-01  1.24e+00  6.05e-01  6.69e+00
29	9.14		300000		3.22e-01  1.17e+00  6.16e-01  6.77e+00
30	9.42		310000		3.22e-01  1.11e+00  6.26e-01  6.91e+00
31	9.70		320000		3.22e-01  1.04e+00  6.24e-01  6.57e+00
32	9.97		330000		3.22e-01  9.85e-01  6.22e-01  6.97e+00
33	10.25		340000		3.22e-01  9.21e-01  6.05e-01  6.91e+00
34	10.53		350000		3.22e-01  8.83e-01  6.22e-01  6.60e+00
35	10.81		360000		3.21e-01  8.43e-01  6.28e-01  6.64e+00
36	11.8		370000		3.21e-01  8.01e-01  6.31e-01  6.55e+00
37	11.37		380000		3.15e-01  7.73e-01  6.65e-01  6.43e+00
38	11.64		390000		3.13e-01  7.48e-01  6.72e-01  6.35e+00
39	11.92		400000		3.13e-01  7.18e-01  6.62e-01  6.48e+00
40	12.20		410000		3.13e-01  6.90e-01  6.67e-01  6.14e+00
41	12.48		420000		3.13e-01  6.72e-01  6.80e-01  6.60e+00
42	12.76		430000		3.13e-01  6.66e-01  7.09e-01  6.31e+00
43	13.4		440000		3.13e-01  6.44e-01  6.85e-01  6.55e+00
44	13.32		450000		3.13e-01  6.26e-01  6.76e-01  7.16e+00
45	13.60		460000		3.13e-01  6.10e-01  6.60e-01  6.60e+00
46	13.88		470000		3.13e-01  6.13e-01  6.82e-01  6.58e+00
47	14.16		480000		3.13e-01  6.21e-01  7.22e-01  7.82e+00
48	14.44		490000		3.13e-01  5.98e-01  6.72e-01  6.24e+00
49	14.72		500000		3.11e-01  6.04e-01  7.02e-01  6.96e+00
50	14.99		510000		3.11e-01  5.99e-01  6.85e-01  6.25e+00
51	15.26		520000		3.11e-01  5.95e-01  6.80e-01  6.88e+00
52	15.54		530000		3.11e-01  5.96e-01  6.85e-01  6.31e+00
53	15.81		540000		3.11e-01  5.92e-01  6.84e-01  6.04e+00
54	16.8		550000		3.11e-01  6.02e-01  7.00e-01  6.30e+00
55	16.35		560000		3.11e-01  5.94e-01  6.77e-01  6.57e+00
56	16.62		570000		3.11e-01  6.05e-01  7.17e-01  6.49e+00
57	16.89		580000		3.11e-01  5.90e-01  6.84e-01  6.36e+00
58	17.15		590000		3.11e-01  5.97e-01  7.02e-01  6.76e+00
59	17.42		600000		3.11e-01  6.03e-01  7.11e-01  6.34e+00
60	17.68		610000		3.11e-01  5.96e-01  7.05e-01  6.16e+00
61	17.95		620000		3.11e-01  5.77e-01  6.81e-01  7.08e+00
62	18.21		630000		3.11e-01  5.74e-01  6.78e-01  8.62e+00
63	18.48		640000		3.11e-01  5.79e-01  6.83e-01  6.07e+00
64	18.74		650000		3.11e-01  5.71e-01  6.74e-01  7.26e+00
65	19.0		660000		3.11e-01  5.69e-01  6.69e-01  6.33e+00
66	19.26		670000		3.11e-01  5.67e-01  6.79e-01  6.21e+00
67	19.52		680000		3.11e-01  5.52e-01  6.32e-01  6.61e+00
68	19.78		690000		3.11e-01  5.83e-01  6.97e-01  6.19e+00
69	20.4		700000		3.11e-01  5.81e-01  7.00e-01  7.67e+00
70	20.30		710000		3.09e-01  5.74e-01  6.91e-01  6.49e+00
71	20.55		720000		3.09e-01  5.63e-01  6.74e-01  6.70e+00
72	20.81		730000		3.09e-01  5.60e-01  6.81e-01  8.12e+00
73	21.7		740000		3.09e-01  5.58e-01  6.82e-01  9.23e+00
74	21.32		750000		3.09e-01  5.61e-01  6.85e-01  6.42e+00
75	21.58		760000		3.09e-01  5.49e-01  6.65e-01  6.31e+00
76	21.84		770000		3.09e-01  5.59e-01  6.89e-01  6.20e+00
77	22.9		780000		3.09e-01  5.59e-01  6.87e-01  7.13e+00
78	22.35		790000		3.09e-01  5.45e-01  6.81e-01  6.54e+00
79	22.60		800000		3.09e-01  5.45e-01  6.73e-01  6.89e+00
80	22.86		810000		3.08e-01  5.43e-01  6.88e-01  6.14e+00
81	23.11		820000		3.08e-01  5.30e-01  6.60e-01  6.41e+00
82	23.36		830000		3.08e-01  5.22e-01  6.50e-01  6.75e+00
83	23.61		840000		3.08e-01  5.16e-01  6.33e-01  7.29e+00
84	23.87		850000		3.08e-01  5.31e-01  6.69e-01  7.22e+00
85	24.12		860000		3.08e-01  5.21e-01  6.46e-01  6.47e+00
86	24.37		870000		3.08e-01  5.35e-01  6.89e-01  6.52e+00
87	24.62		880000		3.08e-01  5.30e-01  6.73e-01  6.45e+00
88	24.87		890000		3.08e-01  5.28e-01  6.73e-01  6.99e+00
89	25.12		900000		3.08e-01  5.26e-01  6.61e-01  6.18e+00
90	25.37		910000		3.08e-01  5.27e-01  6.57e-01  7.07e+00
91	25.62		920000		3.08e-01  5.29e-01  6.72e-01  6.37e+00
92	25.87		930000		3.08e-01  5.33e-01  6.95e-01  6.36e+00
93	26.12		940000		3.08e-01  5.07e-01  6.24e-01  6.70e+00
94	26.36		950000		3.08e-01  5.28e-01  6.76e-01  6.45e+00
95	26.61		960000		3.08e-01  5.22e-01  6.63e-01  7.66e+00
96	26.86		970000		3.08e-01  5.37e-01  6.96e-01  6.38e+00
97	27.11		980000		3.08e-01  5.39e-01  7.02e-01  6.56e+00
98	27.35		990000		3.08e-01  5.16e-01  6.51e-01  6.22e+00
99	27.60		1000000		3.08e-01  5.20e-01  6.54e-01  6.34e+00
