-1 #SUP: 10000
-1 [1,980] -1 #SUP: 10000
-1 [1,980] -1 [1,980] -1 #SUP: 10000
-1 [1,980] -1 [1,980] -1 [1,980] -1 #SUP: 10000
-1 [1,980] -1 [1,980] -1 [1,980] -1 [1,980] -1 #SUP: 10000
-1 [1,980] -1 [1,980] -1 [1,980] -1 [1,980] -1 [1,980] -1 #SUP: 10000
-1 [1,980] -1 [1,980] -1 [1,980] -1 [1,980] -1 [1,980] -1 [1,980] -1 #SUP: 9999
-1 [1,980] -1 [1,980] -1 [1,980] -1 [1,980] -1 [1,980] -1 [1,980] -1 [1,980] -1 #SUP: 9999
-1 [1,980] -1 [1,980] -1 [1,980] -1 [1,980] -1 [1,980] -1 [1,980] -1 [1,980] -1 [1,980] -1 #SUP: 9998
-1 [1,980] -1 [1,980] -1 [1,980] -1 [1,980] -1 [1,980] -1 [1,980] -1 [1,980] -1 [1,980] -1 [1,980] -1 #SUP: 9986
-1 [1,980] -1 [1,980] -1 [1,980] -1 [1,980] -1 [1,980] -1 [1,980] -1 [1,980] -1 [1,980] -1 [1,980] -1 [1,980] -1 #SUP: 9943
-1 [1,980] -1 [1,980] -1 [1,980] -1 [1,980] -1 [1,980] -1 [1,980] -1 [1,980] -1 [1,980] -1 [1,980] -1 [1,980] -1 [1,980] -1 #SUP: 9834
-1 [1,980] -1 [1,980] -1 [1,980] -1 [1,980] -1 [1,980] -1 [1,980] -1 [1,980] -1 [1,980] -1 [1,980] -1 [1,980] -1 [1,980] -1 [1,980] -1 #SUP: 9565
-1 [1,980] -1 [1,980] -1 [1,980] -1 [1,980] -1 [1,980] -1 [1,980] -1 [1,980] -1 [1,980] -1 [1,980] -1 [1,980] -1 [1,980] -1 [1,980] -1 [1,980] -1 #SUP: 9059
-1 [1,980] -1 [1,980] -1 [1,980] -1 [1,980] -1 [1,980] -1 [1,980] -1 [1,980] -1 [1,980] -1 [1,980] -1 [1,980] -1 [1,980] -1 [1,980] -1 [1,980] -1 [1,980] -1 #SUP: 8225
